п»їYear 2021: ['TГџв•—ГІng cГџв•—Г–ng', '', 4.0, 5.0, 11.0, 25.0, 28.0, 58.0, 44.0, 91.0, 87.0, 179.0, 0.0, 0.0, 1.0, 1.0, 30.0, 61.0, 22.0, 53.0, 53.0, 115.0, 2.0, 2.0, 32.0, 62.0, 34.0, 64.0]
  KГџв•‘в”ђt quГџв•‘Гє xв”њвЊђt xГџв•—ВЎ: [0.0, 0.0, 0.0, 0.0, 5.0, 23.0, 1.0, 2.0, 5.0, 1.0, 1.0, 23.0, 29.0, 0.0, 6.0, 0.0, 2.0, 20.0, 1.0, 0.0]
Year 2022: ['TГџв•—ГІng cГџв•—Г–ng', '', 2.0, 2.0, 32.0, 62.0, 4.0, 8.0, 18.0, 26.0, 56.0, 98.0, 1.0, 1.0, 8.0, 16.0, 5.0, 9.0, 26.0, 43.0, 40.0, 69.0, 0.0, 0.0, 16.0, 29.0, 16.0, 29.0]
  KГџв•‘в”ђt quГџв•‘Гє xв”њвЊђt xГџв•—ВЎ: [0.0, 0.0, 0.0, 0.0, 9.0, 15.0, 1.0, 0.0, 0.0, 0.0, 0.0, 3.0, 15.0, 0.0, 4.0, 0.0, 1.0, 13.0, 0.0, 0.0]
Year 2023: ['TГџв•—ГІng cГџв•—Г–ng', '', 0.0, 0.0, 16.0, 29.0, 11.0, 19.0, 9.0, 12.0, 36.0, 60.0, 0.0, 0.0, 4.0, 6.0, 10.0, 18.0, 17.0, 30.0, 31.0, 54.0, 1.0, 1.0, 4.0, 5.0, 5.0, 6.0]
  KГџв•‘в”ђt quГџв•‘Гє xв”њвЊђt xГџв•—ВЎ: [0.0, 0.0, 0.0, 0.0, 2.0, 2.0, 2.0, 0.0, 1.0, 1.0, 1.0, 6.0, 19.0, 0.0, 0.0, 0.0, 1.0, 15.0, 0.0, 0.0]
Year 2024: ['TГџв•—ГІng cГџв•—Г–ng', '', 1.0, 1.0, 4.0, 5.0, 14.0, 34.0, 11.0, 36.0, 30.0, 76.0, 0.0, 0.0, 2.0, 3.0, 14.0, 32.0, 8.0, 27.0, 24.0, 62.0, 1.0, 3.0, 5.0, 11.0, 6.0, 14.0]
  KГџв•‘в”ђt quГџв•‘Гє xв”њвЊђt xГџв•—ВЎ: [0.0, 0.0, 0.0, 0.0, 0.0, 0.0, 0.0, 0.0, 8.0, 0.0, 0.0, 4.0, 20.0, 0.0, 17.0, 0.0, 0.0, 9.0, 1.0, 0.0]
Year 2025: ['TГџв•—ГІng cГџв•—Г–ng', '', 1.0, 3.0, 5.0, 11.0, 5.0, 8.0, 12.0, 17.0, 23.0, 39.0, 0.0, 0.0, 6.0, 12.0, 6.0, 11.0, 9.0, 13.0, 21.0, 36.0, 0.0, 0.0, 2.0, 3.0, 2.0, 3.0]
  KГџв•‘в”ђt quГџв•‘Гє xв”њвЊђt xГџв•—ВЎ: [0.0, 0.0, 0.0, 0.0, 0.0, 0.0, 1.0, 0.0, 0.0, 0.0, 1.0, 2.0, 20.0, 0.0, 0.0, 0.0, 0.0, 0.0, 0.0, 0.0]
